performance of badfeatures.model
LAS: 0.159529974109
UAS: 0.0675164309898